rcv base0 position: (0,0)
rcv base0 angle: 45
deque([-2.0, -2.0, -2.0, -2.0, -6.0, -4.0, -4.0, -4.0, -4.0, -4.0, -4.0, -6.0, -4.0, -4.0, -4.0, -4.0, -4.0, -4.0, -4.0, -4.0], maxlen=1000)

rcv base1 position: (3.6,0)
rcv base1 angle: 150
deque([-10.0, -14.0, -10.0, -12.0, -10.0, -14.0, -10.0, -10.0, -10.0, -10.0, -8.0, -8.0, -10.0, -10.0, -10.0, -10.0, -12.0, -10.0, -8.0, -8.0], maxlen=1000)

rcv base2 position: (1.8,3.6)
rcv base2 angle: 280
deque([-16.0, -16.0, -14.0, -16.0, -14.0, -16.0, -18.0, -18.0, -18.0, -18.0, -18.0, -16.0, -16.0, -18.0, -18.0, -18.0, -18.0, -18.0, -16.0, -16.0], maxlen=1000)

